1.966
2.068
1.982
2.021
1.998
1.927
2.023
2.014
2.023
1.943
1.973
1.967
1.975
2.015
1.982
1.959
2.007
2.023
1.922
2.015
2.056
1.951
2.022
2.029
2.016
1.919
1.976
2.038
1.927
1.992
2.119
1.943
1.888
2.032
2.079
1.952
2.055
2.029
2.025
2.104
2.101
1.942
1.998
2.015
1.991
2.006
2.103
1.950
2.031
1.990
1.919
2.023
1.823
2.159
1.967
1.943
2.064
1.975
2.070
1.952
2.407
2.031
2.000
1.991
2.015
1.935
2.055
2.047
1.887
2.015
1.999
2.048
1.983
1.943
1.944
1.967
2.152
2.040
1.864
2.343
1.903
2.015
2.183
1.806
2.023
2.087
1.895
1.967
1.952
2.032
1.984
1.935
2.086
1.945
1.967
2.087
1.992
2.216
1.784
1.841
1.925
1.940
2.043
1.980
1.980
1.949
1.997
2.068
1.827
2.132
1.925
2.029
1.772
2.139
2.084
2.053
1.893
2.028
2.044
1.984
1.861
2.148
2.045
1.958
1.932
2.037
2.085
1.861
2.110
1.893
2.013
2.061
1.869
2.110
1.965
2.117
1.877
1.845
2.072
2.005
1.877
2.069
1.958
2.022
1.966
2.028
1.935
1.901
2.078
2.046
1.966
1.940
2.072
1.909
2.015
1.942
1.919
2.030
2.070
2.033
2.078
2.015
2.206
1.861
1.967
1.965
1.960
2.054
1.967
2.078
1.950
2.000
2.086
1.790
2.078
1.966
2.095
2.047
2.055
1.752
2.142
2.031
1.903
1.992
2.006
1.999
2.016
1.950
1.975
1.991
2.071
1.968
1.984
1.952
2.071
1.951
1.937
2.111
1.878
1.936
