2.088
1.927
2.071
2.137
1.839
2.056
1.921
2.016
1.833
2.128
1.903
2.024
2.000
2.033
1.840
1.985
2.040
2.056
1.993
1.882
2.008
2.200
1.713
2.112
1.992
1.938
2.256
1.729
1.729
2.089
2.368
1.874
1.904
1.946
2.128
1.914
1.977
1.937
2.002
1.921
1.993
1.994
1.962
2.042
1.937
2.178
1.922
1.977
2.040
1.891
2.058
1.882
2.003
1.914
2.034
2.314
1.826
1.795
1.954
1.913
1.962
2.020
2.034
1.987
1.988
1.906
2.044
1.945
2.115
1.970
1.931
1.923
1.971
2.147
1.939
1.979
1.963
1.923
2.027
1.963
1.979
1.875
2.227
1.964
1.908
1.932
1.932
1.928
2.099
2.107
1.995
1.937
2.093
1.876
1.924
2.052
1.908
2.156
1.756
2.125
1.877
1.979
1.941
1.740
2.244
2.093
1.899
2.061
1.900
2.053
2.013
2.108
1.852
1.853
2.100
1.532
2.248
2.124
1.900
1.958
2.076
1.957
1.917
1.884
2.077
1.597
2.340
1.948
1.982
1.733
2.101
2.286
2.252
1.670
1.957
1.917
1.892
1.982
2.006
2.045
1.997
1.989
2.213
1.885
2.054
2.014
1.813
1.768
2.263
2.047
1.982
1.933
2.054
1.965
1.998
1.989
1.982
2.047
2.134
1.959
2.000
1.878
2.038
2.055
1.903
1.934
2.061
1.903
2.128
2.014
1.903
2.046
1.983
1.918
1.847
1.887
1.968
1.727
2.351
2.000
1.878
2.143
1.768
2.166
1.903
1.926
2.183
1.855
2.015
2.039
2.032
2.023
1.983
1.944
1.912
2.079
1.799
1.808
